Manufacturer: 3G
Device ID: 4305000425
Content Length: 00F6
Content: UD2,221123,040746,V,00.000000,,00.0000000,,0.00,0.0,0.0,0,100,52,0,0,00000000,2,0,732,103,3125,145929062,22,3125,145976677,14,5,,78:c5:f8:c3:c6:a4,-66,,cc:75:e2:31:c5:9e,-78,,b0:2a:43:d4:7f:5f,-88,,8c:5f:ad:3f:48:0b,-97,,ee:48:b8:b8:f0:a6,-98,0.0
Received data: [3G*4305000425*00F6*AL,221123,040900,V,00.000000,,00.0000000,,0.00,0.0,0.0,0,100,52,0,0,00010000,2,0,732,103,3125,145976677,16,3125,145929062,9,5,,78:c5:f8:c3:c6:a4,-66,,cc:75:e2:31:c5:9e,-83,,b0:2a:43:d4:7f:5f,-94,,cc:35:40:a7:41:df,-100,,34:21:09:5f:7d:59,-101,0.0]
Manufacturer: 3G
Device ID: 4305000425
Content Length: 00F6
Content: AL,221123,040900,V,00.000000,,00.0000000,,0.00,0.0,0.0,0,100,52,0,0,00010000,2,0,732,103,3125,145976677,16,3125,145929062,9,5,,78:c5:f8:c3:c6:a4,-66,,cc:75:e2:31:c5:9e,-83,,b0:2a:43:d4:7f:5f,-94,,cc:35:40:a7:41:df,-100,,34:21:09:5f:7d:59,-101,0.0
Received data: [3G*4305000425*00F6*AL,221123,041451,V,00.000000,,00.0000000,,0.00,0.0,0.0,0,100,51,0,0,00010000,2,0,732,103,3125,145976677,14,3125,145929062,14,5,,78:c5:f8:c3:c6:a4,-78,,cc:75:e2:31:c5:9e,-81,,b0:2a:43:d4:7f:5f,-94,,8c:5f:ad:3f:48:0b,-99,,d0:79:80:80:be:31,-104,0.0]
Manufacturer: 3G
Content: UD2,221123,041752,V,00.000000,,00.0000000,,0.00,0.0,0.0,0,100,51,0,0,00000000,2,0,732,103,3125,145976677,19,3125,145929062,12,5,,78:c5:f8:c3:c6:a4,-60,,cc:75:e2:31:c5:9e,-81,,b0:2a:43:d4:7f:5f,-86,,cc:35:40:a7:41:df,-89,,8c:5f:ad:3f:48:0b,-94,0.0Received data: [3G*4305000425*010A*UD_LTE,221123,043552,V,00.000000,,00.0000000,,0.00,0.0,0.0,0,60,50,0,0,00000000,3,0,732,103,3125,145976677,13,3125,176916119,27,3125,176916426,11,5,,78:c5:f8:c3:c6:a4,-69,,cc:75:e2:31:c5:9e,-72,,b0:2a:43:d4:7f:5f,-83,,8c:5f:ad:3f:48:0b,-94,,cc:35:40:a7:41:df,-95,0.0]Manufacturer: 3GDevice ID: 4305000425
Content Length: 010A
Content: UD_LTE,221123,043552,V,00.000000,,00.0000000,,0.00,0.0,0.0,0,60,50,0,0,00000000,3,0,732,103,3125,145976677,13,3125,176916119,27,3125,176916426,11,5,,78:c5:f8:c3:c6:a4,-69,,cc:75:e2:31:c5:9e,-72,,b0:2a:43:d4:7f:5f,-83,,8c:5f:ad:3f:48:0b,-94,,cc:35:40:a7:41:df,-95,0.0
Received data: [3G*4305000425*010B*AL_LTE,221123,043817,V,00.000000,,00.0000000,,0.00,0.0,0.0,0,100,50,0,0,00010000,3,0,732,103,3125,145976677,18,3125,145976679,15,3125,145929062,22,5,,78:c5:f8:c3:c6:a4,-62,,cc:75:e2:31:c5:9e,-74,,b0:2a:43:d4:7f:5f,-89,,8c:5f:ad:3f:48:0b,-94,,d0:79:80:80:be:31,-96,0.0]
Manufacturer: 3G
Device ID: 4305000425
Content Length: 010B
Content: AL_LTE,221123,043817,V,00.000000,,00.0000000,,0.00,0.0,0.0,0,100,50,0,0,00010000,3,0,732,103,3125,145976677,18,3125,145976679,15,3125,145929062,22,5,,78:c5:f8:c3:c6:a4,-62,,cc:75:e2:31:c5:9e,-74,,b0:2a:43:d4:7f:5f,-89,,8c:5f:ad:3f:48:0b,-94,,d0:79:80:80:be:31,-96,0.0
Received data: [3G*4305000425*00FB*AL_LTE,221123,043839,V,00.000000,,00.0000000,,0.00,0.0,0.0,0,100,50,0,0,00010000,2,0,732,103,3125,145929062,23,3125,145976677,18,5,,78:c5:f8:c3:c6:a4,-59,,cc:75:e2:31:c5:9e,-76,,b0:2a:43:d4:7f:5f,-91,,d0:79:80:80:be:31,-103,,cc:35:40:a7:41:df,-105,0.0]
Manufacturer: 3G
Device ID: 4305000425
Content Length: 00FB
Content: AL_LTE,221123,043839,V,00.000000,,00.0000000,,0.00,0.0,0.0,0,100,50,0,0,00010000,2,0,732,103,3125,145929062,23,3125,145976677,18,5,,78:c5:f8:c3:c6:a4,-59,,cc:75:e2:31:c5:9e,-76,,b0:2a:43:d4:7f:5f,-91,,d0:79:80:80:be:31,-103,,cc:35:40:a7:41:df,-105,0.0       
Received data: [3G*4305000425*0009*LK,0,0,50]